792
752
712
672
632
592
552
872
832
792
752
712
672
632
592
552
512
472
912
872
832
792
752
712
672
632
592
552
512
472
432
912
872
832
512
472
432
392
952
912
872
472
432
392
952
912
432
392
952
912
432
392
352
952
912
672
632
592
432
392
952
912
672
632
592
432
392
952
912
872
672
632
592
472
432
392
912
872
832
672
632
592
512
472
432
912
872
832
792
672
632
592
552
512
472
432
872
832
792
672
632
592
552
512
472
432
392
352
352
352
352
352
952
912
872
832
792
752
712
672
632
592
552
512
472
432
392
352
952
912
872
832
792
752
712
672
632
592
552
512
472
432
392
352
952
912
872
832
792
752
712
672
632
592
552
512
472
432
392
352
952
912
872
712
672
632
432
392
352
952
912
872
712
672
632
432
392
352
952
912
872
712
672
632
432
392
352
952
912
872
712
672
632
432
392
352
952
912
872
712
672
632
432
392
352
912
872
832
752
712
672
632
472
432
392
352
912
872
832
792
752
712
632
592
552
512
472
432
352
872
832
792
752
632
592
552
512
472
352
552
512
352
352
352
352
952
912
872
832
792
752
712
672
632
592
552
512
472
432
392
352
952
912
872
832
792
752
712
672
632
592
552
512
472
432
392
352
952
912
872
832
792
752
712
672
632
592
552
512
472
432
392
952
912
872
672
632
592
952
912
872
672
632
592
952
912
872
672
632
592
952
912
872
672
632
592
912
872
832
672
632
592
912
872
832
792
752
712
672
632
592
912
872
832
792
752
712
672
632
832
792
752
712
