120
120
120
120
120
120
120
160
160
160
160
160
160
160
160
160
160
160
200
200
200
200
200
200
200
200
200
200
200
200
200
240
240
240
240
240
240
240
280
280
280
280
280
280
320
320
320
320
360
360
360
360
360
400
400
400
400
400
400
400
440
440
440
440
440
440
440
480
480
480
480
480
480
480
480
480
520
520
520
520
520
520
520
520
520
560
560
560
560
560
560
560
560
560
560
560
600
600
600
600
600
600
600
600
600
600
600
600
640
680
720
760
800
800
800
800
800
800
800
800
800
800
800
800
800
800
800
800
840
840
840
840
840
840
840
840
840
840
840
840
840
840
840
840
880
880
880
880
880
880
880
880
880
880
880
880
880
880
880
880
920
920
920
920
920
920
920
920
920
960
960
960
960
960
960
960
960
960
1000
1000
1000
1000
1000
1000
1000
1000
1000
1040
1040
1040
1040
1040
1040
1040
1040
1040
1080
1080
1080
1080
1080
1080
1080
1080
1080
1120
1120
1120
1120
1120
1120
1120
1120
1120
1120
1120
1160
1160
1160
1160
1160
1160
1160
1160
1160
1160
1160
1160
1160
1200
1200
1200
1200
1200
1200
1200
1200
1200
1200
1240
1240
1240
1280
1320
1360
1400
1400
1400
1400
1400
1400
1400
1400
1400
1400
1400
1400
1400
1400
1400
1400
1440
1440
1440
1440
1440
1440
1440
1440
1440
1440
1440
1440
1440
1440
1440
1440
1480
1480
1480
1480
1480
1480
1480
1480
1480
1480
1480
1480
1480
1480
1480
1520
1520
1520
1520
1520
1520
1560
1560
1560
1560
1560
1560
1600
1600
1600
1600
1600
1600
1640
1640
1640
1640
1640
1640
1680
1680
1680
1680
1680
1680
1720
1720
1720
1720
1720
1720
1720
1720
1720
1760
1760
1760
1760
1760
1760
1760
1760
1800
1800
1800
1800
